Values of loss function
Layer\Epoch	0	1	2	3	4	5	6	7	8	9	10	11	12	13	14	15	16	17	18	19
2-layer_loss: 0.0;	0.0;	0.0;	0.0;	0.0;	0.0;	0.0;	0.0;	0.0;	0.0;	0.0;	0.0;	0.0;	0.0;	0.0;	0.0;	0.0;	0.0;	0.0;	0.0;	
2-layer_acc: 0.00185;	0.0018;	0.0018833333;	0.0021;	0.00215;	0.0017833333;	0.0018666667;	0.0020166667;	0.0018833333;	0.0019166667;	0.0018666667;	0.0017333333;	0.0020833333;	0.0015666667;	0.0016833333;	0.0018;	0.00205;	0.00185;	0.0019333333;	0.0018333333;	
3-layer_loss: 0.13;	0.12;	0.13;	0.12;	0.12;	0.13;	0.13;	0.13;	0.12;	0.13;	0.13;	0.13;	0.13;	0.12;	0.13;	0.13;	0.12;	0.13;	0.13;	0.13;	
3-layer_acc: 0.0016;	0.0017166667;	0.0018666667;	0.00185;	0.0019166667;	0.0017166667;	0.00175;	0.0016333333;	0.0016166667;	0.00155;	0.0015666667;	0.0015833333;	0.0019;	0.0016166667;	0.0015166667;	0.0015333333;	0.0017666667;	0.0016166667;	0.0016;	0.0017666667;	
2-layer network with dropout_loss: 4.49;	4.44;	4.5;	4.47;	4.44;	4.62;	4.63;	4.5;	4.48;	4.71;	4.48;	4.55;	4.53;	4.58;	4.36;	4.62;	4.33;	4.51;	4.58;	4.42;	
2-layer network with dropout_acc: 0.0015833333;	0.0017;	0.00195;	0.0017833333;	0.0016333333;	0.00145;	0.0015;	0.0017666667;	0.0017666667;	0.0016833333;	0.0014833333;	0.0017666667;	0.0017666667;	0.0015666667;	0.0018333333;	0.0016166667;	0.0017666667;	0.0019666667;	0.00145;	0.0017666667;	
3-layer network with dropout_loss: 0.14;	0.15;	0.15;	0.14;	0.14;	0.14;	0.15;	0.14;	0.15;	0.14;	0.14;	0.14;	0.14;	0.14;	0.14;	0.14;	0.14;	0.15;	0.15;	0.14;	
3-layer network with dropout_acc: 0.0013833333;	0.0016333333;	0.0019666667;	0.0017333333;	0.0016666667;	0.0018;	0.0017166667;	0.0017666667;	0.0019;	0.00155;	0.0016;	0.0016833333;	0.0016666667;	0.0017166667;	0.0015;	0.0015666667;	0.0014833333;	0.0016833333;	0.0015833333;	0.0016;	
